    0   -0.293943193981124E+03   -0.549344469356665E+01
    1   -0.251982329385986E+03   -0.549334644489211E+01
    2   -0.217655251831288E+03   -0.549305174078151E+01
    3   -0.189584005900253E+03   -0.549256070694120E+01
    4   -0.166568248803107E+03   -0.549187355305871E+01
    5   -0.147604450523249E+03   -0.549099057115541E+01
    6   -0.131876918273653E+03   -0.548991213702319E+01
    7   -0.118734628495453E+03   -0.548863870857360E+01
    8   -0.107663568691401E+03   -0.548717082496335E+01
    9   -0.982600366251770E+02   -0.548550910691734E+01
   10   -0.902073478758567E+02   -0.548365425413020E+01
   11   -0.832566455102283E+02   -0.548160704634015E+01
   12   -0.772116220917073E+02   -0.547936834039815E+01
   13   -0.719166061864050E+02   -0.547693906985216E+01
   14   -0.672473832343016E+02   -0.547432024365044E+01
   15   -0.631041668915899E+02   -0.547151294517387E+01
   16   -0.594062279889823E+02   -0.546851832871552E+01
   17   -0.560877869831492E+02   -0.546533762049627E+01
   18   -0.530948643200825E+02   -0.546197211580889E+01
   19   -0.503828550346617E+02   -0.545842317650433E+01
   20   -0.479146514774335E+02   -0.545469223031891E+01
   21   -0.456591823258508E+02   -0.545078048720393E+01
   22   -0.435902683869274E+02   -0.544669006625542E+01
   23   -0.416857208093732E+02   -0.544242229542602E+01
   24   -0.399266261739912E+02   -0.543797884582233E+01
   25   -0.382967758731797E+02   -0.543336144196912E+01
   26   -0.367822077641304E+02   -0.542857186405794E+01
   27   -0.353708360979945E+02   -0.542361194148657E+01
   28   -0.340521506688924E+02   -0.541848355280156E+01
   29   -0.328169707765667E+02   -0.541318862478067E+01
   30   -0.316572432417264E+02   -0.540772912697443E+01
   31   -0.305658754097285E+02   -0.540210707178890E+01
   32   -0.295365963179037E+02   -0.539632451206239E+01
   33   -0.285638410537774E+02   -0.539038353702747E+01
   34   -0.276426536732624E+02   -0.538428627191404E+01
   35   -0.267686052744865E+02   -0.537803487606716E+01
   36   -0.259377249125120E+02   -0.537163153787884E+01
   37   -0.251464407878266E+02   -0.536507847596468E+01
   38   -0.243915299235855E+02   -0.535837793456674E+01
   39   -0.236700753009766E+02   -0.535153218206026E+01
   40   -0.229794288905599E+02   -0.534454350951848E+01
   41   -0.223171795981539E+02   -0.533741422766285E+01
   42   -0.216811257461672E+02   -0.533014666401637E+01
   43   -0.210692510376720E+02   -0.532274316433192E+01
   44   -0.204797034380604E+02   -0.531520608624395E+01
   45   -0.199107769421265E+02   -0.530753779953089E+01
   46   -0.193608954406332E+02   -0.529974068369119E+01
   47   -0.188285983454666E+02   -0.529181712746820E+01
   48   -0.183125281347880E+02   -0.528376952317021E+01
   49   -0.178114191752030E+02   -0.527560027031334E+01
   50   -0.173240876054170E+02   -0.526731176849740E+01
   51   -0.168494225552739E+02   -0.525890642053450E+01
   52   -0.163863781349651E+02   -0.525038662605247E+01
   53   -0.159339660517140E+02   -0.524175478440177E+01
   54   -0.154912491944964E+02   -0.523301329031703E+01
   55   -0.150573356647184E+02   -0.522416453256764E+01
   56   -0.146313731546082E+02   -0.521521089417518E+01
   57   -0.142125440515280E+02   -0.520615474955816E+01
   58   -0.138000607718608E+02   -0.519699846298232E+01
   59   -0.133931612995046E+02   -0.518774439021271E+01
   60   -0.129911050171405E+02   -0.517839487143766E+01
   61   -0.125931685050202E+02   -0.516895223812939E+01
   62   -0.121986434174638E+02   -0.515941880364984E+01
   63   -0.118068312527751E+02   -0.514979686920586E+01
   64    0.000000000000000E+00   -0.514008871844350E+01
