    1                      NaN    0.737066417895107E+03
    2   -0.756253724552220E+05    0.637583020556121E+01
    3   -0.755117422489984E+05    0.637424794782532E+01
    4   -0.753828875497082E+05    0.637108254531563E+01
    5   -0.752391732578638E+05    0.636633185916332E+01
    6   -0.750809882200213E+05    0.635999296066666E+01
    7   -0.749087392920071E+05    0.635206194728391E+01
    8   -0.747228455480009E+05    0.634253390638139E+01
    9   -0.745237328613165E+05    0.633140301083063E+01
   10   -0.743118287948809E+05    0.631866252822579E+01
   11   -0.740875580245654E+05    0.630430518286323E+01
   12   -0.738513382312334E+05    0.628832221659263E+01
   13   -0.736035769153421E+05    0.627070395861358E+01
   14   -0.733446684333151E+05    0.625144102552906E+01
   15   -0.730749920057488E+05    0.623052265865033E+01
   16   -0.727949101598685E+05    0.620793849845109E+01
   17   -0.725047678134373E+05    0.618367459521517E+01
   18   -0.722048918384816E+05    0.615772087292225E+01
   19   -0.718955912611804E+05    0.613006354754486E+01
   20   -0.715771575581209E+05    0.610068996229552E+01
   21   -0.712498656654815E+05    0.606958758511519E+01
   22   -0.709139750649313E+05    0.603674299231591E+01
   23   -0.705697311830290E+05    0.600214315732296E+01
   24   -0.702173668583405E+05    0.596577661936988E+01
   25   -0.698571040937836E+05    0.592762975291089E+01
   26   -0.694891557845834E+05    0.588769182072360E+01
   27   -0.691137275072471E+05    0.584595294751921E+01
   28   -0.687310193107402E+05    0.580240324113470E+01
   29   -0.683412274866280E+05    0.575703405011404E+01
   30   -0.679445462571784E+05    0.570983930310672E+01
   31   -0.675411693883813E+05    0.566081434654870E+01
   32   -0.671312917867878E+05    0.560995668027533E+01
   33   -0.667151108950229E+05    0.555726623188809E+01
   34   -0.662928279545741E+05    0.550274580941084E+01
   35   -0.658646492164389E+05    0.544640174585231E+01
   36   -0.654307870320194E+05    0.538824258193074E+01
   37   -0.649914605873474E+05    0.532828220437909E+01
   38   -0.645468968017667E+05    0.526653842416874E+01
   39   -0.640973308388831E+05    0.520303250641678E+01
   40   -0.636430065267034E+05    0.513779190153218E+01
   41   -0.631841766984099E+05    0.507084944940971E+01
   42   -0.627211032453996E+05    0.500224190736787E+01
   43   -0.622540571109606E+05    0.493201398497604E+01
   44   -0.617833181117557E+05    0.486021585626543E+01
   45   -0.613091745904682E+05    0.478690357011271E+01
   46   -0.608319229336969E+05    0.471214051946959E+01
   47   -0.603518669742024E+05    0.463599674970692E+01
   48   -0.598693181081439E+05    0.455854879584092E+01
   49   -0.593845905537092E+05    0.447988029638725E+01
   50   -0.588980063796000E+05    0.440008142208069E+01
   51   -0.584098904429271E+05    0.431924887693845E+01
   52   -0.579205701677178E+05    0.423748572160514E+01
   53   -0.574303743215441E+05    0.415490066844370E+01
   54   -0.569396317600651E+05    0.407160814575548E+01
   55   -0.564486701278755E+05    0.398772661020530E+01
   56   -0.559578145378467E+05    0.390337939003120E+01
   57   -0.554673862754409E+05    0.381869293065904E+01
   58   -0.549777015078903E+05    0.373379630749594E+01
   59   -0.544890700567513E+05    0.364882013572867E+01
   60   -0.540017942018279E+05    0.356389594379243E+01
   61   -0.535161675839351E+05    0.347915480153290E+01
   62    0.000000000000000E+00    0.339472682134124E+01
   63    0.000000000000000E+00    0.331073982009457E+01
   64    0.000000000000000E+00    0.322731855510585E+01
   65    0.000000000000000E+00    0.314458369429292E+01
   66    0.000000000000000E+00    0.306265119281397E+01
   67    0.000000000000000E+00    0.298163132715115E+01
   68    0.000000000000000E+00    0.290162795686410E+01
   69    0.000000000000000E+00    0.282273830227678E+01
   70    0.000000000000000E+00    0.274505203842193E+01
   71    0.000000000000000E+00    0.266865108826204E+01
   72    0.000000000000000E+00    0.259360898140142E+01
   73    0.000000000000000E+00    0.251999255679056E+01
   74    0.000000000000000E+00    0.244785890918405E+01
   75    0.000000000000000E+00    0.237725761392079E+01
   76    0.000000000000000E+00    0.230822999762614E+01
   77    0.000000000000000E+00    0.224080988297345E+01
   78    0.000000000000000E+00    0.217502326860068E+01
   79    0.000000000000000E+00    0.211090726056148E+01
   80    0.000000000000000E+00    0.204841721667384E+01
   81    0.000000000000000E+00    0.198761826773028E+01
   82    0.000000000000000E+00    0.192850018902078E+01
   83    0.000000000000000E+00    0.187100278680060E+01
   84    0.000000000000000E+00    0.181523006617971E+01
   85    0.000000000000000E+00    0.176104733227311E+01
   86    0.000000000000000E+00    0.170849814338249E+01
   87    0.000000000000000E+00    0.165754685036910E+01
   88    0.000000000000000E+00    0.160818710588148E+01
   89    0.000000000000000E+00    0.156033563533663E+01
   90    0.000000000000000E+00    0.151401420669197E+01
   91    0.000000000000000E+00    0.146917375768624E+01
   92    0.000000000000000E+00    0.142578022030852E+01
   93    0.000000000000000E+00    0.138379820467065E+01
   94    0.000000000000000E+00    0.134319146312026E+01
   95    0.000000000000000E+00    0.130392304797505E+01
   96    0.000000000000000E+00    0.126595551611325E+01
   97    0.000000000000000E+00    0.122925117901013E+01
   98    0.000000000000000E+00    0.119377242485507E+01
   99    0.000000000000000E+00    0.115948156224403E+01
  100    0.000000000000000E+00    0.112634124542012E+01
  101    0.000000000000000E+00    0.109431460139655E+01
  102    0.000000000000000E+00    0.106336524477217E+01
  103    0.000000000000000E+00    0.103345722476234E+01
  104    0.000000000000000E+00    0.100455548879989E+01
  105    0.000000000000000E+00    0.976625598315309E+00
  106    0.000000000000000E+00    0.949633807364251E+00
  107    0.000000000000000E+00    0.923547428239317E+00
  108    0.000000000000000E+00    0.898334535714810E+00
  109    0.000000000000000E+00    0.873963978851918E+00
  110    0.000000000000000E+00    0.850405681537609E+00
  111    0.000000000000000E+00    0.827630402903139E+00
  112    0.000000000000000E+00    0.805609787356332E+00
  113    0.000000000000000E+00    0.784316512682267E+00
  114    0.000000000000000E+00    0.763723996907174E+00
  115    0.000000000000000E+00    0.743806637201999E+00
  116    0.000000000000000E+00    0.724539801159779E+00
  117    0.000000000000000E+00    0.705899554138455E+00
  118    0.000000000000000E+00    0.687862935051498E+00
  119    0.000000000000000E+00    0.670407783126848E+00
  120    0.000000000000000E+00    0.653512789274828E+00
  121    0.000000000000000E+00    0.637157310197324E+00
  122    0.000000000000000E+00   -0.326390779545781E+03
