-0.293943193981124E+03
-0.251982329385986E+03
-0.217655251831288E+03
-0.189584005900253E+03
-0.166568248803107E+03
-0.147604450523249E+03
-0.131876918273653E+03
-0.118734628495453E+03
-0.107663568691401E+03
-0.982600366251770E+02
-0.902073478758567E+02
-0.832566455102283E+02
-0.772116220917073E+02
-0.719166061864050E+02
-0.672473832343016E+02
-0.631041668915899E+02
-0.594062279889823E+02
-0.560877869831492E+02
-0.530948643200825E+02
-0.503828550346617E+02
-0.479146514774335E+02
-0.456591823258508E+02
-0.435902683869274E+02
-0.416857208093732E+02
-0.399266261739912E+02
-0.382967758731797E+02
-0.367822077641304E+02
-0.353708360979945E+02
-0.340521506688924E+02
-0.328169707765667E+02
-0.316572432417264E+02
-0.305658754097285E+02
-0.295365963179037E+02
-0.285638410537774E+02
-0.276426536732624E+02
-0.267686052744865E+02
-0.259377249125120E+02
-0.251464407878266E+02
-0.243915299235855E+02
-0.236700753009766E+02
-0.229794288905599E+02
-0.223171795981539E+02
-0.216811257461672E+02
-0.210692510376720E+02
-0.204797034380604E+02
-0.199107769421265E+02
-0.193608954406332E+02
-0.188285983454666E+02
-0.183125281347880E+02
-0.178114191752030E+02
-0.173240876054170E+02
-0.168494225552739E+02
-0.163863781349651E+02
-0.159339660517140E+02
-0.154912491944964E+02
-0.150573356647184E+02
-0.146313731546082E+02
-0.142125440515280E+02
-0.138000607718608E+02
-0.133931612995046E+02
-0.129911050171405E+02
-0.125931685050202E+02
-0.121986434174638E+02
-0.118068312527751E+02
0.000000000000000E+00
