-0.549344469356665E+01
-0.549334644489211E+01
-0.549305174078151E+01
-0.549256070694120E+01
-0.549187355305871E+01
-0.549099057115541E+01
-0.548991213702319E+01
-0.548863870857360E+01
-0.548717082496335E+01
-0.548550910691734E+01
-0.548365425413020E+01
-0.548160704634015E+01
-0.547936834039815E+01
-0.547693906985216E+01
-0.547432024365044E+01
-0.547151294517387E+01
-0.546851832871552E+01
-0.546533762049627E+01
-0.546197211580889E+01
-0.545842317650433E+01
-0.545469223031891E+01
-0.545078048720393E+01
-0.544669006625542E+01
-0.544242229542602E+01
-0.543797884582233E+01
-0.543336144196912E+01
-0.542857186405794E+01
-0.542361194148657E+01
-0.541848355280156E+01
-0.541318862478067E+01
-0.540772912697443E+01
-0.540210707178890E+01
-0.539632451206239E+01
-0.539038353702747E+01
-0.538428627191404E+01
-0.537803487606716E+01
-0.537163153787884E+01
-0.536507847596468E+01
-0.535837793456674E+01
-0.535153218206026E+01
-0.534454350951848E+01
-0.533741422766285E+01
-0.533014666401637E+01
-0.532274316433192E+01
-0.531520608624395E+01
-0.530753779953089E+01
-0.529974068369119E+01
-0.529181712746820E+01
-0.528376952317021E+01
-0.527560027031334E+01
-0.526731176849740E+01
-0.525890642053450E+01
-0.525038662605247E+01
-0.524175478440177E+01
-0.523301329031703E+01
-0.522416453256764E+01
-0.521521089417518E+01
-0.520615474955816E+01
-0.519699846298232E+01
-0.518774439021271E+01
-0.517839487143766E+01
-0.516895223812939E+01
-0.515941880364984E+01
-0.514979686920586E+01
-0.514008871844350E+01
