-0.000000000000000E+00
-0.756253724552220E+05
-0.755117422489984E+05
-0.753828875497082E+05
-0.752391732578638E+05
-0.750809882200213E+05
-0.749087392920071E+05
-0.747228455480009E+05
-0.745237328613165E+05
-0.743118287948809E+05
-0.740875580245654E+05
-0.738513382312334E+05
-0.736035769153421E+05
-0.733446684333151E+05
-0.730749920057488E+05
-0.727949101598685E+05
-0.725047678134373E+05
-0.722048918384816E+05
-0.718955912611804E+05
-0.715771575581209E+05
-0.712498656654815E+05
-0.709139750649313E+05
-0.705697311830290E+05
-0.702173668583405E+05
-0.698571040937836E+05
-0.694891557845834E+05
-0.691137275072471E+05
-0.687310193107402E+05
-0.683412274866280E+05
-0.679445462571784E+05
-0.675411693883813E+05
-0.671312917867878E+05
-0.667151108950229E+05
-0.662928279545741E+05
-0.658646492164389E+05
-0.654307870320194E+05
-0.649914605873474E+05
-0.645468968017667E+05
-0.640973308388831E+05
-0.636430065267034E+05
-0.631841766984099E+05
-0.627211032453996E+05
-0.622540571109606E+05
-0.617833181117557E+05
-0.613091745904682E+05
-0.608319229336969E+05
-0.603518669742024E+05
-0.598693181081439E+05
-0.593845905537092E+05
-0.588980063796000E+05
-0.584098904429271E+05
-0.579205701677178E+05
-0.574303743215441E+05
-0.569396317600651E+05
-0.564486701278755E+05
-0.559578145378467E+05
-0.554673862754409E+05
-0.549777015078903E+05
-0.544890700567513E+05
-0.540017942018279E+05
-0.535161675839351E+05
0.000000000000000E+00
0.000000000000000E+00
0.000000000000000E+00
0.000000000000000E+00
0.000000000000000E+00
0.000000000000000E+00
0.000000000000000E+00
0.000000000000000E+00
0.000000000000000E+00
0.000000000000000E+00
0.000000000000000E+00
0.000000000000000E+00
0.000000000000000E+00
0.000000000000000E+00
0.000000000000000E+00
0.000000000000000E+00
0.000000000000000E+00
0.000000000000000E+00
0.000000000000000E+00
0.000000000000000E+00
0.000000000000000E+00
0.000000000000000E+00
0.000000000000000E+00
0.000000000000000E+00
0.000000000000000E+00
0.000000000000000E+00
0.000000000000000E+00
0.000000000000000E+00
0.000000000000000E+00
0.000000000000000E+00
0.000000000000000E+00
0.000000000000000E+00
0.000000000000000E+00
0.000000000000000E+00
0.000000000000000E+00
0.000000000000000E+00
0.000000000000000E+00
0.000000000000000E+00
0.000000000000000E+00
0.000000000000000E+00
0.000000000000000E+00
0.000000000000000E+00
0.000000000000000E+00
0.000000000000000E+00
0.000000000000000E+00
0.000000000000000E+00
0.000000000000000E+00
0.000000000000000E+00
0.000000000000000E+00
0.000000000000000E+00
0.000000000000000E+00
0.000000000000000E+00
0.000000000000000E+00
0.000000000000000E+00
0.000000000000000E+00
0.000000000000000E+00
0.000000000000000E+00
0.000000000000000E+00
0.000000000000000E+00
0.000000000000000E+00
0.000000000000000E+00
