0.737066417895107E+03
0.637583020556121E+01
0.637424794782532E+01
0.637108254531563E+01
0.636633185916332E+01
0.635999296066666E+01
0.635206194728391E+01
0.634253390638139E+01
0.633140301083063E+01
0.631866252822579E+01
0.630430518286323E+01
0.628832221659263E+01
0.627070395861358E+01
0.625144102552906E+01
0.623052265865033E+01
0.620793849845109E+01
0.618367459521517E+01
0.615772087292225E+01
0.613006354754486E+01
0.610068996229552E+01
0.606958758511519E+01
0.603674299231591E+01
0.600214315732296E+01
0.596577661936988E+01
0.592762975291089E+01
0.588769182072360E+01
0.584595294751921E+01
0.580240324113470E+01
0.575703405011404E+01
0.570983930310672E+01
0.566081434654870E+01
0.560995668027533E+01
0.555726623188809E+01
0.550274580941084E+01
0.544640174585231E+01
0.538824258193074E+01
0.532828220437909E+01
0.526653842416874E+01
0.520303250641678E+01
0.513779190153218E+01
0.507084944940971E+01
0.500224190736787E+01
0.493201398497604E+01
0.486021585626543E+01
0.478690357011271E+01
0.471214051946959E+01
0.463599674970692E+01
0.455854879584092E+01
0.447988029638725E+01
0.440008142208069E+01
0.431924887693845E+01
0.423748572160514E+01
0.415490066844370E+01
0.407160814575548E+01
0.398772661020530E+01
0.390337939003120E+01
0.381869293065904E+01
0.373379630749594E+01
0.364882013572867E+01
0.356389594379243E+01
0.347915480153290E+01
0.339472682134124E+01
0.331073982009457E+01
0.322731855510585E+01
0.314458369429292E+01
0.306265119281397E+01
0.298163132715115E+01
0.290162795686410E+01
0.282273830227678E+01
0.274505203842193E+01
0.266865108826204E+01
0.259360898140142E+01
0.251999255679056E+01
0.244785890918405E+01
0.237725761392079E+01
0.230822999762614E+01
0.224080988297345E+01
0.217502326860068E+01
0.211090726056148E+01
0.204841721667384E+01
0.198761826773028E+01
0.192850018902078E+01
0.187100278680060E+01
0.181523006617971E+01
0.176104733227311E+01
0.170849814338249E+01
0.165754685036910E+01
0.160818710588148E+01
0.156033563533663E+01
0.151401420669197E+01
0.146917375768624E+01
0.142578022030852E+01
0.138379820467065E+01
0.134319146312026E+01
0.130392304797505E+01
0.126595551611325E+01
0.122925117901013E+01
0.119377242485507E+01
0.115948156224403E+01
0.112634124542012E+01
0.109431460139655E+01
0.106336524477217E+01
0.103345722476234E+01
0.100455548879989E+01
0.976625598315309E+00
0.949633807364251E+00
0.923547428239317E+00
0.898334535714810E+00
0.873963978851918E+00
0.850405681537609E+00
0.827630402903139E+00
0.805609787356332E+00
0.784316512682267E+00
0.763723996907174E+00
0.743806637201999E+00
0.724539801159779E+00
0.705899554138455E+00
0.687862935051498E+00
0.670407783126848E+00
0.653512789274828E+00
0.637157310197324E+00
-0.326390779545781E+03
