-0.500000000000000E+02
-0.000000000000000E+00
-0.166666666666667E+02
-0.200000000000000E+02
-0.214285714285714E+02
-0.222222222222222E+02
-0.227272727272727E+02
-0.230769230769231E+02
-0.233333333333333E+02
-0.235294117647059E+02
-0.236842105263158E+02
-0.238095238095238E+02
-0.239130434782609E+02
-0.240000000000000E+02
-0.240740740740741E+02
-0.241379310344828E+02
-0.241935483870968E+02
-0.242424242424242E+02
-0.242857142857143E+02
-0.243243243243243E+02
-0.243589743589744E+02
-0.243902439024390E+02
-0.244186046511628E+02
-0.244444444444444E+02
-0.244680851063830E+02
-0.244897959183673E+02
-0.245098039215686E+02
-0.245283018867924E+02
-0.245454545454545E+02
-0.245614035087719E+02
-0.245762711864407E+02
-0.245901639344262E+02
-0.246031746031746E+02
-0.246153846153846E+02
-0.246268656716418E+02
-0.246376811594203E+02
-0.246478873239437E+02
-0.246575342465753E+02
-0.246666666666667E+02
-0.246753246753247E+02
-0.246835443037975E+02
-0.246913580246914E+02
-0.246987951807229E+02
-0.247058823529412E+02
-0.247126436781609E+02
-0.247191011235955E+02
-0.247252747252747E+02
-0.247311827956989E+02
-0.247368421052632E+02
-0.247422680412371E+02
-0.247474747474747E+02
-0.247524752475247E+02
-0.247572815533981E+02
-0.247619047619048E+02
-0.247663551401869E+02
-0.247706422018349E+02
-0.247747747747748E+02
-0.247787610619469E+02
-0.247826086956522E+02
-0.247863247863248E+02
-0.247899159663866E+02
-0.247933884297521E+02
-0.247967479674797E+02
-0.248000000000000E+02
-0.248031496062992E+02
-0.248062015503876E+02
-0.248091603053435E+02
-0.248120300751880E+02
-0.248148148148148E+02
-0.248175182481752E+02
-0.248201438848921E+02
-0.248226950354610E+02
-0.248251748251748E+02
-0.248275862068965E+02
-0.248299319727891E+02
-0.248322147651007E+02
-0.248344370860927E+02
-0.248366013071895E+02
-0.248387096774194E+02
-0.248407643312102E+02
-0.248427672955975E+02
-0.248447204968944E+02
-0.248466257668712E+02
-0.248484848484848E+02
-0.248502994011976E+02
-0.248520710059172E+02
-0.248538011695906E+02
-0.248554913294798E+02
-0.248571428571429E+02
-0.248587570621469E+02
-0.248603351955307E+02
-0.248618784530387E+02
-0.248633879781421E+02
-0.248648648648649E+02
-0.248663101604278E+02
-0.248677248677249E+02
-0.248691099476440E+02
-0.248704663212435E+02
-0.248717948717949E+02
-0.248730964467005E+02
-0.248743718592965E+02
-0.248756218905473E+02
-0.248768472906404E+02
-0.248780487804878E+02
-0.248792270531401E+02
-0.248803827751196E+02
-0.248815165876777E+02
-0.248826291079812E+02
-0.248837209302326E+02
-0.248847926267281E+02
-0.248858447488584E+02
-0.248868778280543E+02
-0.248878923766816E+02
-0.248888888888889E+02
-0.248898678414097E+02
-0.248908296943231E+02
-0.248917748917749E+02
-0.248927038626609E+02
-0.248936170212766E+02
-0.248945147679325E+02
-0.248953974895397E+02
-0.248962655601660E+02
