    1   -0.500000000000000E+02    0.500000000000000E+02    0.000000000000000E+00
    2   -0.000000000000000E+00    0.500000000000000E+02   -0.500000000000000E+02
    3   -0.166666666666667E+02    0.500000000000000E+02   -0.333333333333333E+02
    4   -0.200000000000000E+02    0.500000000000000E+02   -0.300000000000000E+02
    5   -0.214285714285714E+02    0.500000000000000E+02   -0.285714285714286E+02
    6   -0.222222222222222E+02    0.500000000000000E+02   -0.277777777777778E+02
    7   -0.227272727272727E+02    0.500000000000000E+02   -0.272727272727273E+02
    8   -0.230769230769231E+02    0.500000000000000E+02   -0.269230769230769E+02
    9   -0.233333333333333E+02    0.500000000000000E+02   -0.266666666666667E+02
   10   -0.235294117647059E+02    0.500000000000000E+02   -0.264705882352941E+02
   11   -0.236842105263158E+02    0.500000000000000E+02   -0.263157894736842E+02
   12   -0.238095238095238E+02    0.500000000000000E+02   -0.261904761904762E+02
   13   -0.239130434782609E+02    0.500000000000000E+02   -0.260869565217391E+02
   14   -0.240000000000000E+02    0.500000000000000E+02   -0.260000000000000E+02
   15   -0.240740740740741E+02    0.500000000000000E+02   -0.259259259259259E+02
   16   -0.241379310344828E+02    0.500000000000000E+02   -0.258620689655172E+02
   17   -0.241935483870968E+02    0.500000000000000E+02   -0.258064516129032E+02
   18   -0.242424242424242E+02    0.500000000000000E+02   -0.257575757575758E+02
   19   -0.242857142857143E+02    0.500000000000000E+02   -0.257142857142857E+02
   20   -0.243243243243243E+02    0.500000000000000E+02   -0.256756756756757E+02
   21   -0.243589743589744E+02    0.500000000000000E+02   -0.256410256410256E+02
   22   -0.243902439024390E+02    0.500000000000000E+02   -0.256097560975610E+02
   23   -0.244186046511628E+02    0.500000000000000E+02   -0.255813953488372E+02
   24   -0.244444444444444E+02    0.500000000000000E+02   -0.255555555555556E+02
   25   -0.244680851063830E+02    0.500000000000000E+02   -0.255319148936170E+02
   26   -0.244897959183673E+02    0.500000000000000E+02   -0.255102040816326E+02
   27   -0.245098039215686E+02    0.500000000000000E+02   -0.254901960784314E+02
   28   -0.245283018867924E+02    0.500000000000000E+02   -0.254716981132075E+02
   29   -0.245454545454545E+02    0.500000000000000E+02   -0.254545454545454E+02
   30   -0.245614035087719E+02    0.500000000000000E+02   -0.254385964912281E+02
   31   -0.245762711864407E+02    0.500000000000000E+02   -0.254237288135593E+02
   32   -0.245901639344262E+02    0.500000000000000E+02   -0.254098360655738E+02
   33   -0.246031746031746E+02    0.500000000000000E+02   -0.253968253968254E+02
   34   -0.246153846153846E+02    0.500000000000000E+02   -0.253846153846154E+02
   35   -0.246268656716418E+02    0.500000000000000E+02   -0.253731343283582E+02
   36   -0.246376811594203E+02    0.500000000000000E+02   -0.253623188405797E+02
   37   -0.246478873239437E+02    0.500000000000000E+02   -0.253521126760563E+02
   38   -0.246575342465753E+02    0.500000000000000E+02   -0.253424657534247E+02
   39   -0.246666666666667E+02    0.500000000000000E+02   -0.253333333333333E+02
   40   -0.246753246753247E+02    0.500000000000000E+02   -0.253246753246753E+02
   41   -0.246835443037975E+02    0.500000000000000E+02   -0.253164556962025E+02
   42   -0.246913580246914E+02    0.500000000000000E+02   -0.253086419753086E+02
   43   -0.246987951807229E+02    0.500000000000000E+02   -0.253012048192771E+02
   44   -0.247058823529412E+02    0.500000000000000E+02   -0.252941176470588E+02
   45   -0.247126436781609E+02    0.500000000000000E+02   -0.252873563218391E+02
   46   -0.247191011235955E+02    0.500000000000000E+02   -0.252808988764045E+02
   47   -0.247252747252747E+02    0.500000000000000E+02   -0.252747252747253E+02
   48   -0.247311827956989E+02    0.500000000000000E+02   -0.252688172043011E+02
   49   -0.247368421052632E+02    0.500000000000000E+02   -0.252631578947368E+02
   50   -0.247422680412371E+02    0.500000000000000E+02   -0.252577319587629E+02
   51   -0.247474747474747E+02    0.500000000000000E+02   -0.252525252525252E+02
   52   -0.247524752475247E+02    0.500000000000000E+02   -0.252475247524752E+02
   53   -0.247572815533981E+02    0.500000000000000E+02   -0.252427184466019E+02
   54   -0.247619047619048E+02    0.500000000000000E+02   -0.252380952380952E+02
   55   -0.247663551401869E+02    0.500000000000000E+02   -0.252336448598131E+02
   56   -0.247706422018349E+02    0.500000000000000E+02   -0.252293577981651E+02
   57   -0.247747747747748E+02    0.500000000000000E+02   -0.252252252252252E+02
   58   -0.247787610619469E+02    0.500000000000000E+02   -0.252212389380531E+02
   59   -0.247826086956522E+02    0.500000000000000E+02   -0.252173913043478E+02
   60   -0.247863247863248E+02    0.500000000000000E+02   -0.252136752136752E+02
   61   -0.247899159663866E+02    0.500000000000000E+02   -0.252100840336134E+02
   62   -0.247933884297521E+02    0.500000000000000E+02   -0.252066115702479E+02
   63   -0.247967479674797E+02    0.500000000000000E+02   -0.252032520325203E+02
   64   -0.248000000000000E+02    0.500000000000000E+02   -0.252000000000000E+02
   65   -0.248031496062992E+02    0.500000000000000E+02   -0.251968503937008E+02
   66   -0.248062015503876E+02    0.500000000000000E+02   -0.251937984496124E+02
   67   -0.248091603053435E+02    0.500000000000000E+02   -0.251908396946565E+02
   68   -0.248120300751880E+02    0.500000000000000E+02   -0.251879699248120E+02
   69   -0.248148148148148E+02    0.500000000000000E+02   -0.251851851851852E+02
   70   -0.248175182481752E+02    0.500000000000000E+02   -0.251824817518248E+02
   71   -0.248201438848921E+02    0.500000000000000E+02   -0.251798561151079E+02
   72   -0.248226950354610E+02    0.500000000000000E+02   -0.251773049645390E+02
   73   -0.248251748251748E+02    0.500000000000000E+02   -0.251748251748252E+02
   74   -0.248275862068965E+02    0.500000000000000E+02   -0.251724137931034E+02
   75   -0.248299319727891E+02    0.500000000000000E+02   -0.251700680272109E+02
   76   -0.248322147651007E+02    0.500000000000000E+02   -0.251677852348993E+02
   77   -0.248344370860927E+02    0.500000000000000E+02   -0.251655629139073E+02
   78   -0.248366013071895E+02    0.500000000000000E+02   -0.251633986928105E+02
   79   -0.248387096774194E+02    0.500000000000000E+02   -0.251612903225806E+02
   80   -0.248407643312102E+02    0.500000000000000E+02   -0.251592356687898E+02
   81   -0.248427672955975E+02    0.500000000000000E+02   -0.251572327044025E+02
   82   -0.248447204968944E+02    0.500000000000000E+02   -0.251552795031056E+02
   83   -0.248466257668712E+02    0.500000000000000E+02   -0.251533742331288E+02
   84   -0.248484848484848E+02    0.500000000000000E+02   -0.251515151515151E+02
   85   -0.248502994011976E+02    0.500000000000000E+02   -0.251497005988024E+02
   86   -0.248520710059172E+02    0.500000000000000E+02   -0.251479289940828E+02
   87   -0.248538011695906E+02    0.500000000000000E+02   -0.251461988304094E+02
   88   -0.248554913294798E+02    0.500000000000000E+02   -0.251445086705202E+02
   89   -0.248571428571429E+02    0.500000000000000E+02   -0.251428571428571E+02
   90   -0.248587570621469E+02    0.500000000000000E+02   -0.251412429378531E+02
   91   -0.248603351955307E+02    0.500000000000000E+02   -0.251396648044693E+02
   92   -0.248618784530387E+02    0.500000000000000E+02   -0.251381215469613E+02
   93   -0.248633879781421E+02    0.500000000000000E+02   -0.251366120218579E+02
   94   -0.248648648648649E+02    0.500000000000000E+02   -0.251351351351351E+02
   95   -0.248663101604278E+02    0.500000000000000E+02   -0.251336898395722E+02
   96   -0.248677248677249E+02    0.500000000000000E+02   -0.251322751322751E+02
   97   -0.248691099476440E+02    0.500000000000000E+02   -0.251308900523560E+02
   98   -0.248704663212435E+02    0.500000000000000E+02   -0.251295336787565E+02
   99   -0.248717948717949E+02    0.500000000000000E+02   -0.251282051282051E+02
  100   -0.248730964467005E+02    0.500000000000000E+02   -0.251269035532995E+02
  101   -0.248743718592965E+02    0.500000000000000E+02   -0.251256281407035E+02
  102   -0.248756218905473E+02    0.500000000000000E+02   -0.251243781094527E+02
  103   -0.248768472906404E+02    0.500000000000000E+02   -0.251231527093596E+02
  104   -0.248780487804878E+02    0.500000000000000E+02   -0.251219512195122E+02
  105   -0.248792270531401E+02    0.500000000000000E+02   -0.251207729468599E+02
  106   -0.248803827751196E+02    0.500000000000000E+02   -0.251196172248804E+02
  107   -0.248815165876777E+02    0.500000000000000E+02   -0.251184834123223E+02
  108   -0.248826291079812E+02    0.500000000000000E+02   -0.251173708920188E+02
  109   -0.248837209302326E+02    0.500000000000000E+02   -0.251162790697674E+02
  110   -0.248847926267281E+02    0.500000000000000E+02   -0.251152073732719E+02
  111   -0.248858447488584E+02    0.500000000000000E+02   -0.251141552511415E+02
  112   -0.248868778280543E+02    0.500000000000000E+02   -0.251131221719457E+02
  113   -0.248878923766816E+02    0.500000000000000E+02   -0.251121076233184E+02
  114   -0.248888888888889E+02    0.500000000000000E+02   -0.251111111111111E+02
  115   -0.248898678414097E+02    0.500000000000000E+02   -0.251101321585903E+02
  116   -0.248908296943231E+02    0.500000000000000E+02   -0.251091703056769E+02
  117   -0.248917748917749E+02    0.500000000000000E+02   -0.251082251082251E+02
  118   -0.248927038626609E+02    0.500000000000000E+02   -0.251072961373391E+02
  119   -0.248936170212766E+02    0.500000000000000E+02   -0.251063829787234E+02
  120   -0.248945147679325E+02    0.500000000000000E+02   -0.251054852320675E+02
  121   -0.248953974895397E+02    0.500000000000000E+02   -0.251046025104602E+02
  122   -0.248962655601660E+02    0.500000000000000E+02   -0.251037344398340E+02
