    0.0000  0.000000E+00  0.000000E+00  0.588590E+00  0.590678E+00
    0.0010  0.000000E+00  0.000000E+00  0.588545E+00  0.590678E+00
    0.0020  0.000000E+00  0.000000E+00  0.588469E+00  0.590678E+00
    0.0030  0.000000E+00  0.000000E+00  0.588393E+00  0.590678E+00
    0.0040  0.000000E+00  0.000000E+00  0.588286E+00  0.590678E+00
    0.0050  0.000000E+00  0.000000E+00  0.588177E+00  0.590678E+00
    0.0060  0.000000E+00  0.000000E+00  0.588080E+00  0.590678E+00
    0.0070  0.000000E+00  0.000000E+00  0.587946E+00  0.590678E+00
    0.0080  0.000000E+00  0.000000E+00  0.587820E+00  0.590678E+00
    0.0090  0.000000E+00  0.000000E+00  0.587660E+00  0.590678E+00
    0.0100  0.000000E+00  0.000000E+00  0.587487E+00  0.590678E+00
    0.0110  0.000000E+00  0.000000E+00  0.587336E+00  0.590678E+00
    0.0120  0.000000E+00  0.000000E+00  0.587157E+00  0.590678E+00
    0.0130  0.000000E+00  0.000000E+00  0.586953E+00  0.590678E+00
    0.0140  0.000000E+00  0.000000E+00  0.586758E+00  0.590678E+00
    0.0150  0.000000E+00  0.000000E+00  0.586507E+00  0.590678E+00
    0.0160  0.000000E+00  0.000000E+00  0.586321E+00  0.590678E+00
    0.0170  0.000000E+00  0.000000E+00  0.586081E+00  0.590678E+00
    0.0180  0.000000E+00  0.000000E+00  0.585819E+00  0.590678E+00
    0.0190  0.000000E+00  0.000000E+00  0.585516E+00  0.590678E+00
    0.0200  0.000000E+00  0.000000E+00  0.585220E+00  0.590678E+00
    0.0210  0.000000E+00  0.000000E+00  0.584885E+00  0.590678E+00
    0.0220  0.000000E+00  0.000000E+00  0.584533E+00  0.590678E+00
    0.0230  0.000000E+00  0.000000E+00  0.584137E+00  0.590678E+00
    0.0240  0.000000E+00  0.000000E+00  0.583783E+00  0.590678E+00
    0.0250  0.000000E+00  0.000000E+00  0.583381E+00  0.590678E+00
    0.0260  0.000000E+00  0.000000E+00  0.582855E+00  0.590678E+00
    0.0270  0.000000E+00  0.000000E+00  0.582405E+00  0.590678E+00
    0.0280  0.000000E+00  0.000000E+00  0.581893E+00  0.590678E+00
    0.0290  0.000000E+00  0.000000E+00  0.581382E+00  0.590678E+00
    0.0300  0.000000E+00  0.000000E+00  0.580815E+00  0.590678E+00
    0.0310  0.000000E+00  0.000000E+00  0.580230E+00  0.590678E+00
    0.0320  0.000000E+00  0.000000E+00  0.579633E+00  0.590678E+00
    0.0330  0.000000E+00  0.000000E+00  0.579130E+00  0.590678E+00
    0.0340  0.000000E+00  0.000000E+00  0.578395E+00  0.590678E+00
    0.0350  0.000000E+00  0.000000E+00  0.577751E+00  0.590678E+00
    0.0360  0.000000E+00  0.000000E+00  0.577031E+00  0.590678E+00
    0.0370  0.000000E+00  0.000000E+00  0.576313E+00  0.590678E+00
    0.0380  0.000000E+00  0.000000E+00  0.575610E+00  0.590678E+00
    0.0390  0.000000E+00  0.000000E+00  0.574860E+00  0.590678E+00
    0.0400  0.000000E+00  0.000000E+00  0.574135E+00  0.590678E+00
    0.0410  0.000000E+00  0.000000E+00  0.573325E+00  0.590678E+00
    0.0420  0.000000E+00  0.000000E+00  0.572480E+00  0.590678E+00
    0.0430  0.000000E+00  0.000000E+00  0.571573E+00  0.590678E+00
    0.0440  0.000000E+00  0.000000E+00  0.570769E+00  0.590678E+00
    0.0450  0.000000E+00  0.000000E+00  0.569964E+00  0.590678E+00
    0.0460  0.000000E+00  0.000000E+00  0.569030E+00  0.590678E+00
    0.0470  0.000000E+00  0.000000E+00  0.568211E+00  0.590678E+00
    0.0480  0.000000E+00  0.000000E+00  0.567293E+00  0.590678E+00
    0.0490  0.000000E+00  0.000000E+00  0.566356E+00  0.590678E+00
    0.0500  0.000000E+00  0.000000E+00  0.565367E+00  0.590678E+00
    0.0510  0.000000E+00  0.000000E+00  0.564351E+00  0.590678E+00
    0.0520  0.000000E+00  0.000000E+00  0.563278E+00  0.590678E+00
    0.0530  0.000000E+00  0.000000E+00  0.562094E+00  0.590678E+00
    0.0540  0.000000E+00  0.000000E+00  0.560876E+00  0.590678E+00
    0.0550  0.000000E+00  0.000000E+00  0.559727E+00  0.590678E+00
    0.0560  0.000000E+00  0.000000E+00  0.558410E+00  0.590678E+00
    0.0570  0.000000E+00  0.000000E+00  0.557220E+00  0.590678E+00
    0.0580  0.000000E+00  0.000000E+00  0.555928E+00  0.590678E+00
    0.0590  0.000000E+00  0.000000E+00  0.554694E+00  0.590678E+00
    0.0600  0.000000E+00  0.000000E+00  0.553564E+00  0.590678E+00
    0.0610  0.000000E+00  0.000000E+00  0.552346E+00  0.590678E+00
    0.0620  0.000000E+00  0.000000E+00  0.551111E+00  0.590678E+00
    0.0630  0.000000E+00  0.000000E+00  0.549960E+00  0.590678E+00
    0.0640  0.000000E+00  0.000000E+00  0.548701E+00  0.590678E+00
    0.0650  0.000000E+00  0.000000E+00  0.547367E+00  0.590678E+00
    0.0660  0.000000E+00  0.000000E+00  0.546086E+00  0.590678E+00
    0.0670  0.000000E+00  0.000000E+00  0.544845E+00  0.590678E+00
    0.0680  0.000000E+00  0.000000E+00  0.543434E+00  0.590678E+00
    0.0690  0.000000E+00  0.000000E+00  0.542059E+00  0.590678E+00
    0.0700  0.000000E+00  0.000000E+00  0.540812E+00  0.590678E+00
    0.0710  0.000000E+00  0.000000E+00  0.539405E+00  0.590678E+00
    0.0720  0.000000E+00  0.000000E+00  0.538048E+00  0.590678E+00
    0.0730  0.000000E+00  0.000000E+00  0.536832E+00  0.590678E+00
    0.0740  0.000000E+00  0.000000E+00  0.535484E+00  0.590678E+00
    0.0750  0.000000E+00  0.000000E+00  0.534271E+00  0.590678E+00
    0.0760  0.000000E+00  0.000000E+00  0.533098E+00  0.590678E+00
    0.0770  0.000000E+00  0.000000E+00  0.531796E+00  0.590678E+00
    0.0780  0.000000E+00  0.000000E+00  0.530429E+00  0.590678E+00
    0.0790  0.000000E+00  0.000000E+00  0.529140E+00  0.590678E+00
    0.0800  0.000000E+00  0.000000E+00  0.527878E+00  0.590678E+00
    0.0810  0.000000E+00  0.000000E+00  0.526603E+00  0.590678E+00
    0.0820  0.000000E+00  0.000000E+00  0.525381E+00  0.590678E+00
    0.0830  0.000000E+00  0.000000E+00  0.523967E+00  0.590678E+00
    0.0840  0.000000E+00  0.000000E+00  0.522671E+00  0.590678E+00
    0.0850  0.000000E+00  0.000000E+00  0.521470E+00  0.590678E+00
    0.0860  0.000000E+00  0.000000E+00  0.520090E+00  0.590678E+00
    0.0870  0.000000E+00  0.000000E+00  0.518768E+00  0.590678E+00
    0.0880  0.000000E+00  0.000000E+00  0.517503E+00  0.590678E+00
    0.0890  0.000000E+00  0.000000E+00  0.516360E+00  0.590678E+00
    0.0900  0.000000E+00  0.000000E+00  0.515164E+00  0.590678E+00
    0.0910  0.000000E+00  0.000000E+00  0.513743E+00  0.590678E+00
    0.0920  0.000000E+00  0.000000E+00  0.512522E+00  0.590678E+00
    0.0930  0.000000E+00  0.000000E+00  0.511291E+00  0.590678E+00
    0.0940  0.000000E+00  0.000000E+00  0.510201E+00  0.590678E+00
    0.0950  0.000000E+00  0.000000E+00  0.508934E+00  0.590678E+00
    0.0960  0.000000E+00  0.000000E+00  0.507831E+00  0.590678E+00
    0.0970  0.000000E+00  0.000000E+00  0.506633E+00  0.590678E+00
    0.0980  0.000000E+00  0.000000E+00  0.505363E+00  0.590678E+00
    0.0990  0.000000E+00  0.000000E+00  0.503960E+00  0.590678E+00
    0.1000  0.000000E+00  0.000000E+00  0.502859E+00  0.590678E+00
    0.1010  0.000000E+00  0.000000E+00  0.501774E+00  0.590678E+00
    0.1020  0.000000E+00  0.000000E+00  0.500640E+00  0.590678E+00
    0.1030  0.000000E+00  0.000000E+00  0.499610E+00  0.590678E+00
    0.1040  0.000000E+00  0.000000E+00  0.498498E+00  0.590678E+00
    0.1050  0.000000E+00  0.000000E+00  0.497314E+00  0.590678E+00
    0.1060  0.000000E+00  0.000000E+00  0.496197E+00  0.590678E+00
    0.1070  0.000000E+00  0.000000E+00  0.495151E+00  0.590678E+00
    0.1080  0.000000E+00  0.000000E+00  0.493914E+00  0.590678E+00
    0.1090  0.000000E+00  0.000000E+00  0.492766E+00  0.590678E+00
    0.1100  0.000000E+00  0.000000E+00  0.491705E+00  0.590678E+00
    0.1110  0.000000E+00  0.000000E+00  0.490757E+00  0.590678E+00
    0.1120  0.000000E+00  0.000000E+00  0.489535E+00  0.590678E+00
    0.1130  0.000000E+00  0.000000E+00  0.488465E+00  0.590678E+00
    0.1140  0.000000E+00  0.000000E+00  0.487556E+00  0.590678E+00
    0.1150  0.000000E+00  0.000000E+00  0.486400E+00  0.590678E+00
    0.1160  0.000000E+00  0.000000E+00  0.485326E+00  0.590678E+00
    0.1170  0.000000E+00  0.000000E+00  0.484434E+00  0.590678E+00
    0.1180  0.000000E+00  0.000000E+00  0.483559E+00  0.590678E+00
    0.1190  0.000000E+00  0.000000E+00  0.482499E+00  0.590678E+00
    0.1200  0.000000E+00  0.000000E+00  0.481606E+00  0.590678E+00
    0.1210  0.000000E+00  0.000000E+00  0.480698E+00  0.590678E+00
    0.1220  0.000000E+00  0.000000E+00  0.479803E+00  0.590678E+00
    0.1230  0.000000E+00  0.000000E+00  0.478954E+00  0.590678E+00
    0.1240  0.000000E+00  0.000000E+00  0.478132E+00  0.590678E+00
    0.1250  0.000000E+00  0.000000E+00  0.477275E+00  0.590678E+00
    0.1260  0.000000E+00  0.000000E+00  0.476447E+00  0.590678E+00
    0.1270  0.000000E+00  0.000000E+00  0.475676E+00  0.590678E+00
    0.1280  0.000000E+00  0.000000E+00  0.474849E+00  0.590678E+00
    0.1290  0.000000E+00  0.000000E+00  0.474071E+00  0.590678E+00
    0.1300  0.000000E+00  0.000000E+00  0.473251E+00  0.590678E+00
    0.1310  0.000000E+00  0.000000E+00  0.472433E+00  0.590678E+00
    0.1320  0.000000E+00  0.000000E+00  0.471677E+00  0.590678E+00
    0.1330  0.000000E+00  0.000000E+00  0.470886E+00  0.590678E+00
    0.1340  0.000000E+00  0.000000E+00  0.470114E+00  0.590678E+00
    0.1350  0.000000E+00  0.000000E+00  0.469306E+00  0.590678E+00
    0.1360  0.000000E+00  0.000000E+00  0.468482E+00  0.590678E+00
    0.1370  0.000000E+00  0.000000E+00  0.467763E+00  0.590678E+00
    0.1380  0.000000E+00  0.000000E+00  0.466964E+00  0.590678E+00
    0.1390  0.000000E+00  0.000000E+00  0.466270E+00  0.590678E+00
    0.1400  0.000000E+00  0.000000E+00  0.465568E+00  0.590678E+00
    0.1410  0.000000E+00  0.000000E+00  0.465038E+00  0.590678E+00
    0.1420  0.000000E+00  0.000000E+00  0.464328E+00  0.590678E+00
    0.1430  0.000000E+00  0.000000E+00  0.463607E+00  0.590678E+00
    0.1440  0.000000E+00  0.000000E+00  0.462947E+00  0.590678E+00
    0.1450  0.000000E+00  0.000000E+00  0.462374E+00  0.590678E+00
    0.1460  0.000000E+00  0.000000E+00  0.461762E+00  0.590678E+00
    0.1470  0.000000E+00  0.000000E+00  0.461109E+00  0.590678E+00
    0.1480  0.000000E+00  0.000000E+00  0.460561E+00  0.590678E+00
    0.1490  0.000000E+00  0.000000E+00  0.459941E+00  0.590678E+00
    0.1500  0.000000E+00  0.000000E+00  0.459446E+00  0.590678E+00
    0.1510  0.000000E+00  0.000000E+00  0.458931E+00  0.590678E+00
    0.1520  0.000000E+00  0.000000E+00  0.458461E+00  0.590678E+00
    0.1530  0.000000E+00  0.000000E+00  0.457863E+00  0.590678E+00
    0.1540  0.000000E+00  0.000000E+00  0.457412E+00  0.590678E+00
    0.1550  0.000000E+00  0.000000E+00  0.456979E+00  0.590678E+00
    0.1560  0.000000E+00  0.000000E+00  0.456562E+00  0.590678E+00
    0.1570  0.000000E+00  0.000000E+00  0.456161E+00  0.590678E+00
    0.1580  0.000000E+00  0.000000E+00  0.455763E+00  0.590678E+00
    0.1590  0.000000E+00  0.000000E+00  0.455416E+00  0.590678E+00
    0.1600  0.000000E+00  0.000000E+00  0.454960E+00  0.590678E+00
    0.1610  0.000000E+00  0.000000E+00  0.454687E+00  0.590678E+00
    0.1620  0.000000E+00  0.000000E+00  0.454315E+00  0.590678E+00
    0.1630  0.000000E+00  0.000000E+00  0.453999E+00  0.590678E+00
    0.1640  0.000000E+00  0.000000E+00  0.453678E+00  0.590678E+00
    0.1650  0.000000E+00  0.000000E+00  0.453280E+00  0.590678E+00
    0.1660  0.000000E+00  0.000000E+00  0.452993E+00  0.590678E+00
    0.1670  0.000000E+00  0.000000E+00  0.452791E+00  0.590678E+00
    0.1680  0.000000E+00  0.000000E+00  0.452574E+00  0.590678E+00
    0.1690  0.000000E+00  0.000000E+00  0.452355E+00  0.590678E+00
    0.1700  0.000000E+00  0.000000E+00  0.452052E+00  0.590678E+00
    0.1710  0.000000E+00  0.000000E+00  0.451814E+00  0.590678E+00
    0.1720  0.000000E+00  0.000000E+00  0.451552E+00  0.590678E+00
    0.1730  0.000000E+00  0.000000E+00  0.451350E+00  0.590678E+00
    0.1740  0.000000E+00  0.000000E+00  0.451137E+00  0.590678E+00
    0.1750  0.000000E+00  0.000000E+00  0.450954E+00  0.590678E+00
    0.1760  0.000000E+00  0.000000E+00  0.450701E+00  0.590678E+00
    0.1770  0.000000E+00  0.000000E+00  0.450493E+00  0.590678E+00
    0.1780  0.000000E+00  0.000000E+00  0.450225E+00  0.590678E+00
    0.1790  0.000000E+00  0.000000E+00  0.450050E+00  0.590678E+00
    0.1800  0.000000E+00  0.000000E+00  0.449854E+00  0.590678E+00
    0.1810  0.000000E+00  0.000000E+00  0.449706E+00  0.590678E+00
    0.1820  0.000000E+00  0.000000E+00  0.449529E+00  0.590678E+00
    0.1830  0.000000E+00  0.000000E+00  0.449336E+00  0.590678E+00
    0.1840  0.000000E+00  0.000000E+00  0.449166E+00  0.590678E+00
    0.1850  0.000000E+00  0.000000E+00  0.448993E+00  0.590678E+00
    0.1860  0.000000E+00  0.000000E+00  0.448841E+00  0.590678E+00
    0.1870  0.000000E+00  0.000000E+00  0.448655E+00  0.590678E+00
    0.1880  0.000000E+00  0.000000E+00  0.448440E+00  0.590678E+00
    0.1890  0.000000E+00  0.000000E+00  0.448263E+00  0.590678E+00
    0.1900  0.000000E+00  0.000000E+00  0.448101E+00  0.590678E+00
    0.1910  0.000000E+00  0.000000E+00  0.447990E+00  0.590678E+00
    0.1920  0.000000E+00  0.000000E+00  0.447770E+00  0.590678E+00
    0.1930  0.000000E+00  0.000000E+00  0.447653E+00  0.590678E+00
    0.1940  0.000000E+00  0.000000E+00  0.447496E+00  0.590678E+00
    0.1950  0.000000E+00  0.000000E+00  0.447320E+00  0.590678E+00
    0.1960  0.000000E+00  0.000000E+00  0.447153E+00  0.590678E+00
    0.1970  0.000000E+00  0.000000E+00  0.447038E+00  0.590678E+00
    0.1980  0.000000E+00  0.000000E+00  0.446856E+00  0.590678E+00
    0.1990  0.000000E+00  0.000000E+00  0.446717E+00  0.590678E+00
    0.2000  0.000000E+00  0.000000E+00  0.446614E+00  0.590678E+00
    0.2010  0.000000E+00  0.000000E+00  0.446505E+00  0.590678E+00
    0.2020  0.000000E+00  0.000000E+00  0.446418E+00  0.590678E+00
    0.2030  0.000000E+00  0.000000E+00  0.446274E+00  0.590678E+00
    0.2040  0.000000E+00  0.000000E+00  0.446172E+00  0.590678E+00
    0.2050  0.000000E+00  0.000000E+00  0.446078E+00  0.590678E+00
    0.2060  0.000000E+00  0.000000E+00  0.445990E+00  0.590678E+00
    0.2070  0.000000E+00  0.000000E+00  0.445875E+00  0.590678E+00
    0.2080  0.000000E+00  0.000000E+00  0.445777E+00  0.590678E+00
    0.2090  0.000000E+00  0.000000E+00  0.445721E+00  0.590678E+00
    0.2100  0.000000E+00  0.000000E+00  0.445609E+00  0.590678E+00
    0.2110  0.000000E+00  0.000000E+00  0.445490E+00  0.590678E+00
    0.2120  0.000000E+00  0.000000E+00  0.445375E+00  0.590678E+00
    0.2130  0.000000E+00  0.000000E+00  0.445304E+00  0.590678E+00
    0.2140  0.000000E+00  0.000000E+00  0.445227E+00  0.590678E+00
    0.2150  0.000000E+00  0.000000E+00  0.445163E+00  0.590678E+00
    0.2160  0.000000E+00  0.000000E+00  0.445080E+00  0.590678E+00
    0.2170  0.000000E+00  0.000000E+00  0.445015E+00  0.590678E+00
    0.2180  0.000000E+00  0.000000E+00  0.444923E+00  0.590678E+00
    0.2190  0.000000E+00  0.000000E+00  0.444866E+00  0.590678E+00
    0.2200  0.000000E+00  0.000000E+00  0.444767E+00  0.590678E+00
    0.2210  0.000000E+00  0.000000E+00  0.444688E+00  0.590678E+00
    0.2220  0.000000E+00  0.000000E+00  0.444623E+00  0.590678E+00
    0.2230  0.000000E+00  0.000000E+00  0.444542E+00  0.590678E+00
    0.2240  0.000000E+00  0.000000E+00  0.444495E+00  0.590678E+00
    0.2250  0.000000E+00  0.000000E+00  0.444445E+00  0.590678E+00
    0.2260  0.000000E+00  0.000000E+00  0.444367E+00  0.590678E+00
    0.2270  0.000000E+00  0.000000E+00  0.444312E+00  0.590678E+00
    0.2280  0.000000E+00  0.000000E+00  0.444239E+00  0.590678E+00
    0.2290  0.000000E+00  0.000000E+00  0.444176E+00  0.590678E+00
    0.2300  0.000000E+00  0.000000E+00  0.444112E+00  0.590678E+00
    0.2310  0.000000E+00  0.000000E+00  0.444056E+00  0.590678E+00
    0.2320  0.000000E+00  0.000000E+00  0.444011E+00  0.590678E+00
    0.2330  0.000000E+00  0.000000E+00  0.443933E+00  0.590678E+00
    0.2340  0.000000E+00  0.000000E+00  0.443880E+00  0.590678E+00
    0.2350  0.000000E+00  0.000000E+00  0.443825E+00  0.590678E+00
    0.2360  0.000000E+00  0.000000E+00  0.443764E+00  0.590678E+00
    0.2370  0.000000E+00  0.000000E+00  0.443737E+00  0.590678E+00
    0.2380  0.000000E+00  0.000000E+00  0.443652E+00  0.590678E+00
    0.2390  0.000000E+00  0.000000E+00  0.443603E+00  0.590678E+00
    0.2400  0.000000E+00  0.000000E+00  0.443546E+00  0.590678E+00
    0.2410  0.000000E+00  0.000000E+00  0.443487E+00  0.590678E+00
    0.2420  0.000000E+00  0.000000E+00  0.443450E+00  0.590678E+00
    0.2430  0.000000E+00  0.000000E+00  0.443411E+00  0.590678E+00
    0.2440  0.000000E+00  0.000000E+00  0.443357E+00  0.590678E+00
    0.2450  0.000000E+00  0.000000E+00  0.443324E+00  0.590678E+00
    0.2460  0.000000E+00  0.000000E+00  0.443274E+00  0.590678E+00
    0.2470  0.000000E+00  0.000000E+00  0.443225E+00  0.590678E+00
