    0.0000  0.121670E+02 -0.855427E+00  0.120784E+02
    0.0010  0.121471E+02 -0.854587E+00  0.120792E+02
    0.0020  0.121184E+02 -0.795268E+00  0.121384E+02
    0.0030  0.120910E+02 -0.793146E+00  0.121404E+02
    0.0040  0.120548E+02 -0.790680E+00  0.121428E+02
    0.0050  0.120176E+02 -0.787921E+00  0.121453E+02
    0.0060  0.119886E+02 -0.785331E+00  0.121477E+02
    0.0070  0.119520E+02 -0.782478E+00  0.121503E+02
    0.0080  0.119166E+02 -0.779410E+00  0.121530E+02
    0.0090  0.118726E+02 -0.776209E+00  0.121559E+02
    0.0100  0.118249E+02 -0.772765E+00  0.121589E+02
    0.0110  0.117836E+02 -0.769521E+00  0.121617E+02
    0.0120  0.117424E+02 -0.766215E+00  0.121646E+02
    0.0130  0.116943E+02 -0.762602E+00  0.121677E+02
    0.0140  0.116556E+02 -0.758927E+00  0.121709E+02
    0.0150  0.115997E+02 -0.755080E+00  0.121742E+02
    0.0160  0.115615E+02 -0.751475E+00  0.121773E+02
    0.0170  0.115155E+02 -0.747941E+00  0.121803E+02
    0.0180  0.114667E+02 -0.744078E+00  0.121835E+02
    0.0190  0.114119E+02 -0.739986E+00  0.121870E+02
    0.0200  0.113606E+02 -0.735830E+00  0.121906E+02
    0.0210  0.113062E+02 -0.731592E+00  0.121942E+02
    0.0220  0.112515E+02 -0.727171E+00  0.121980E+02
    0.0230  0.111934E+02 -0.722536E+00  0.122019E+02
    0.0240  0.111430E+02 -0.718044E+00  0.122058E+02
    0.0250  0.110865E+02 -0.713649E+00  0.122095E+02
    0.0260  0.110120E+02 -0.708782E+00  0.122137E+02
    0.0270  0.109541E+02 -0.703874E+00  0.122180E+02
    0.0280  0.108887E+02 -0.699121E+00  0.122220E+02
    0.0290  0.108281E+02 -0.694233E+00  0.122263E+02
    0.0300  0.107623E+02 -0.689242E+00  0.122306E+02
    0.0310  0.106969E+02 -0.684178E+00  0.122350E+02
    0.0320  0.106337E+02 -0.679089E+00  0.122394E+02
    0.0330  0.105838E+02 -0.674276E+00  0.122436E+02
    0.0340  0.105089E+02 -0.669226E+00  0.122480E+02
    0.0350  0.104465E+02 -0.664022E+00  0.122526E+02
    0.0360  0.103780E+02 -0.658906E+00  0.122571E+02
    0.0370  0.103143E+02 -0.653692E+00  0.122617E+02
    0.0380  0.102529E+02 -0.648595E+00  0.122663E+02
    0.0390  0.101874E+02 -0.643613E+00  0.122707E+02
    0.0400  0.101265E+02 -0.638744E+00  0.122750E+02
    0.0410  0.100611E+02 -0.633778E+00  0.122794E+02
    0.0420  0.999206E+01 -0.628743E+00  0.122839E+02
    0.0430  0.992196E+01 -0.623669E+00  0.122885E+02
    0.0440  0.986509E+01 -0.618574E+00  0.122931E+02
    0.0450  0.980828E+01 -0.613675E+00  0.122976E+02
    0.0460  0.974223E+01 -0.608753E+00  0.123021E+02
    0.0470  0.968831E+01 -0.603869E+00  0.123066E+02
    0.0480  0.962439E+01 -0.599212E+00  0.123108E+02
    0.0490  0.956610E+01 -0.594400E+00  0.123153E+02
    0.0500  0.950668E+01 -0.589330E+00  0.123200E+02
    0.0510  0.944744E+01 -0.584171E+00  0.123249E+02
    0.0520  0.938618E+01 -0.578997E+00  0.123297E+02
    0.0530  0.931838E+01 -0.573788E+00  0.123347E+02
    0.0540  0.924932E+01 -0.568573E+00  0.123396E+02
    0.0550  0.918836E+01 -0.563420E+00  0.123445E+02
    0.0560  0.911573E+01 -0.558313E+00  0.123494E+02
    0.0570  0.905463E+01 -0.553318E+00  0.123542E+02
    0.0580  0.898932E+01 -0.548285E+00  0.123591E+02
    0.0590  0.892881E+01 -0.543275E+00  0.123639E+02
    0.0600  0.887594E+01 -0.538503E+00  0.123685E+02
    0.0610  0.881817E+01 -0.533866E+00  0.123730E+02
    0.0620  0.876292E+01 -0.529145E+00  0.123776E+02
    0.0630  0.871303E+01 -0.524480E+00  0.123822E+02
    0.0640  0.866009E+01 -0.519786E+00  0.123868E+02
    0.0650  0.860285E+01 -0.515018E+00  0.123915E+02
    0.0660  0.855117E+01 -0.510318E+00  0.123962E+02
    0.0670  0.850211E+01 -0.505723E+00  0.124007E+02
    0.0680  0.844747E+01 -0.501025E+00  0.124054E+02
    0.0690  0.839503E+01 -0.496238E+00  0.124102E+02
    0.0700  0.834919E+01 -0.491655E+00  0.124147E+02
    0.0710  0.829755E+01 -0.487115E+00  0.124193E+02
    0.0720  0.824902E+01 -0.482579E+00  0.124238E+02
    0.0730  0.820771E+01 -0.478197E+00  0.124282E+02
    0.0740  0.816168E+01 -0.473848E+00  0.124326E+02
    0.0750  0.812090E+01 -0.469665E+00  0.124369E+02
    0.0760  0.808349E+01 -0.465641E+00  0.124410E+02
    0.0770  0.804167E+01 -0.461551E+00  0.124451E+02
    0.0780  0.799893E+01 -0.457352E+00  0.124494E+02
    0.0790  0.795915E+01 -0.453226E+00  0.124536E+02
    0.0800  0.792149E+01 -0.449226E+00  0.124577E+02
    0.0810  0.788342E+01 -0.445308E+00  0.124617E+02
    0.0820  0.784893E+01 -0.441384E+00  0.124658E+02
    0.0830  0.780914E+01 -0.437305E+00  0.124700E+02
    0.0840  0.777373E+01 -0.433263E+00  0.124742E+02
    0.0850  0.774035E+01 -0.429540E+00  0.124780E+02
    0.0860  0.770349E+01 -0.425760E+00  0.124819E+02
    0.0870  0.766808E+01 -0.421909E+00  0.124859E+02
    0.0880  0.763509E+01 -0.418265E+00  0.124897E+02
    0.0890  0.760553E+01 -0.414825E+00  0.124933E+02
    0.0900  0.757556E+01 -0.411416E+00  0.124969E+02
    0.0910  0.753980E+01 -0.407789E+00  0.125006E+02
    0.0920  0.751039E+01 -0.404173E+00  0.125044E+02
    0.0930  0.748123E+01 -0.400713E+00  0.125080E+02
    0.0940  0.745597E+01 -0.397419E+00  0.125115E+02
    0.0950  0.742662E+01 -0.394131E+00  0.125149E+02
    0.0960  0.740145E+01 -0.390915E+00  0.125183E+02
    0.0970  0.737533E+01 -0.387691E+00  0.125217E+02
    0.0980  0.734722E+01 -0.384367E+00  0.125252E+02
    0.0990  0.731655E+01 -0.380965E+00  0.125288E+02
    0.1000  0.729296E+01 -0.377793E+00  0.125321E+02
    0.1010  0.727032E+01 -0.374881E+00  0.125352E+02
    0.1020  0.724730E+01 -0.371856E+00  0.125384E+02
    0.1030  0.722642E+01 -0.368899E+00  0.125415E+02
    0.1040  0.720397E+01 -0.366030E+00  0.125445E+02
    0.1050  0.718014E+01 -0.363118E+00  0.125476E+02
    0.1060  0.715880E+01 -0.360178E+00  0.125507E+02
    0.1070  0.713861E+01 -0.357349E+00  0.125537E+02
    0.1080  0.711486E+01 -0.354477E+00  0.125568E+02
    0.1090  0.709317E+01 -0.351572E+00  0.125598E+02
    0.1100  0.707344E+01 -0.348819E+00  0.125627E+02
    0.1110  0.705629E+01 -0.346230E+00  0.125655E+02
    0.1120  0.703346E+01 -0.343606E+00  0.125683E+02
    0.1130  0.701379E+01 -0.340994E+00  0.125710E+02
    0.1140  0.699791E+01 -0.338562E+00  0.125736E+02
    0.1150  0.697782E+01 -0.335990E+00  0.125763E+02
    0.1160  0.695936E+01 -0.333325E+00  0.125792E+02
    0.1170  0.694440E+01 -0.330866E+00  0.125818E+02
    0.1180  0.692995E+01 -0.328543E+00  0.125842E+02
    0.1190  0.691245E+01 -0.326143E+00  0.125868E+02
    0.1200  0.689841E+01 -0.323712E+00  0.125893E+02
    0.1210  0.688415E+01 -0.321339E+00  0.125918E+02
    0.1220  0.686960E+01 -0.319075E+00  0.125942E+02
    0.1230  0.685643E+01 -0.316883E+00  0.125966E+02
    0.1240  0.684357E+01 -0.314759E+00  0.125988E+02
    0.1250  0.683024E+01 -0.312673E+00  0.126010E+02
    0.1260  0.681779E+01 -0.310564E+00  0.126033E+02
    0.1270  0.680631E+01 -0.308504E+00  0.126054E+02
    0.1280  0.679404E+01 -0.306473E+00  0.126076E+02
    0.1290  0.678287E+01 -0.304446E+00  0.126097E+02
    0.1300  0.677095E+01 -0.302406E+00  0.126119E+02
    0.1310  0.675914E+01 -0.300349E+00  0.126141E+02
    0.1320  0.674844E+01 -0.298357E+00  0.126162E+02
    0.1330  0.673734E+01 -0.296380E+00  0.126183E+02
    0.1340  0.672645E+01 -0.294444E+00  0.126203E+02
    0.1350  0.671529E+01 -0.292533E+00  0.126223E+02
    0.1360  0.670377E+01 -0.290629E+00  0.126243E+02
    0.1370  0.669396E+01 -0.288795E+00  0.126262E+02
    0.1380  0.668291E+01 -0.286962E+00  0.126282E+02
    0.1390  0.667368E+01 -0.285161E+00  0.126301E+02
    0.1400  0.666432E+01 -0.283441E+00  0.126319E+02
    0.1410  0.665743E+01 -0.281860E+00  0.126335E+02
    0.1420  0.664834E+01 -0.280217E+00  0.126352E+02
    0.1430  0.663913E+01 -0.278448E+00  0.126371E+02
    0.1440  0.663059E+01 -0.276772E+00  0.126388E+02
    0.1450  0.662339E+01 -0.275203E+00  0.126405E+02
    0.1460  0.661591E+01 -0.273623E+00  0.126421E+02
    0.1470  0.660793E+01 -0.271966E+00  0.126438E+02
    0.1480  0.660142E+01 -0.270359E+00  0.126455E+02
    0.1490  0.659363E+01 -0.268851E+00  0.126471E+02
    0.1500  0.658776E+01 -0.267428E+00  0.126485E+02
    0.1510  0.658154E+01 -0.266064E+00  0.126499E+02
    0.1520  0.657598E+01 -0.264734E+00  0.126513E+02
    0.1530  0.656880E+01 -0.263349E+00  0.126527E+02
    0.1540  0.656377E+01 -0.261953E+00  0.126541E+02
    0.1550  0.655884E+01 -0.260652E+00  0.126555E+02
    0.1560  0.655427E+01 -0.259395E+00  0.126568E+02
    0.1570  0.654982E+01 -0.258155E+00  0.126580E+02
    0.1580  0.654546E+01 -0.256921E+00  0.126593E+02
    0.1590  0.654187E+01 -0.255706E+00  0.126605E+02
    0.1600  0.653692E+01 -0.254458E+00  0.126617E+02
    0.1610  0.653408E+01 -0.253310E+00  0.126629E+02
    0.1620  0.653016E+01 -0.252216E+00  0.126639E+02
    0.1630  0.652688E+01 -0.251108E+00  0.126650E+02
    0.1640  0.652355E+01 -0.250041E+00  0.126661E+02
    0.1650  0.651952E+01 -0.248898E+00  0.126672E+02
    0.1660  0.651660E+01 -0.247784E+00  0.126683E+02
    0.1670  0.651466E+01 -0.246786E+00  0.126692E+02
    0.1680  0.651258E+01 -0.245820E+00  0.126701E+02
    0.1690  0.651040E+01 -0.244891E+00  0.126710E+02
    0.1700  0.650744E+01 -0.243897E+00  0.126719E+02
    0.1710  0.650511E+01 -0.242907E+00  0.126728E+02
    0.1720  0.650254E+01 -0.241967E+00  0.126737E+02
    0.1730  0.650059E+01 -0.241057E+00  0.126745E+02
    0.1740  0.649853E+01 -0.240176E+00  0.126753E+02
    0.1750  0.649681E+01 -0.239298E+00  0.126761E+02
    0.1760  0.649445E+01 -0.238363E+00  0.126769E+02
    0.1770  0.649247E+01 -0.237439E+00  0.126777E+02
    0.1780  0.649002E+01 -0.236501E+00  0.126785E+02
    0.1790  0.648846E+01 -0.235561E+00  0.126793E+02
    0.1800  0.648661E+01 -0.234704E+00  0.126800E+02
    0.1810  0.648523E+01 -0.233887E+00  0.126807E+02
    0.1820  0.648353E+01 -0.233084E+00  0.126813E+02
    0.1830  0.648176E+01 -0.232260E+00  0.126819E+02
    0.1840  0.648011E+01 -0.231446E+00  0.126826E+02
    0.1850  0.647856E+01 -0.230632E+00  0.126832E+02
    0.1860  0.647707E+01 -0.229858E+00  0.126837E+02
    0.1870  0.647530E+01 -0.229095E+00  0.126843E+02
    0.1880  0.647336E+01 -0.228248E+00  0.126849E+02
    0.1890  0.647172E+01 -0.227399E+00  0.126855E+02
    0.1900  0.647015E+01 -0.226624E+00  0.126860E+02
    0.1910  0.646902E+01 -0.225921E+00  0.126865E+02
    0.1920  0.646697E+01 -0.225163E+00  0.126870E+02
    0.1930  0.646579E+01 -0.224418E+00  0.126874E+02
    0.1940  0.646429E+01 -0.223703E+00  0.126879E+02
    0.1950  0.646265E+01 -0.222936E+00  0.126883E+02
    0.1960  0.646107E+01 -0.222160E+00  0.126888E+02
    0.1970  0.645990E+01 -0.221437E+00  0.126892E+02
    0.1980  0.645824E+01 -0.220696E+00  0.126896E+02
    0.1990  0.645688E+01 -0.219944E+00  0.126901E+02
    0.2000  0.645578E+01 -0.219282E+00  0.126904E+02
    0.2010  0.645463E+01 -0.218654E+00  0.126907E+02
    0.2020  0.645367E+01 -0.218030E+00  0.126909E+02
    0.2030  0.645227E+01 -0.217369E+00  0.126912E+02
    0.2040  0.645117E+01 -0.216714E+00  0.126915E+02
    0.2050  0.645010E+01 -0.216122E+00  0.126917E+02
    0.2060  0.644907E+01 -0.215550E+00  0.126919E+02
    0.2070  0.644786E+01 -0.214937E+00  0.126921E+02
    0.2080  0.644679E+01 -0.214294E+00  0.126923E+02
    0.2090  0.644600E+01 -0.213726E+00  0.126925E+02
    0.2100  0.644478E+01 -0.213149E+00  0.126926E+02
    0.2110  0.644349E+01 -0.212528E+00  0.126928E+02
    0.2120  0.644224E+01 -0.211917E+00  0.126930E+02
    0.2130  0.644130E+01 -0.211351E+00  0.126931E+02
    0.2140  0.644030E+01 -0.210825E+00  0.126932E+02
    0.2150  0.643941E+01 -0.210304E+00  0.126932E+02
    0.2160  0.643837E+01 -0.209776E+00  0.126933E+02
    0.2170  0.643748E+01 -0.209242E+00  0.126934E+02
    0.2180  0.643639E+01 -0.208675E+00  0.126934E+02
    0.2190  0.643554E+01 -0.208126E+00  0.126935E+02
    0.2200  0.643437E+01 -0.207585E+00  0.126936E+02
    0.2210  0.643337E+01 -0.207022E+00  0.126936E+02
    0.2220  0.643244E+01 -0.206494E+00  0.126936E+02
    0.2230  0.643139E+01 -0.205982E+00  0.126936E+02
    0.2240  0.643057E+01 -0.205482E+00  0.126936E+02
    0.2250  0.642975E+01 -0.204986E+00  0.126936E+02
    0.2260  0.642872E+01 -0.204470E+00  0.126936E+02
    0.2270  0.642784E+01 -0.203966E+00  0.126936E+02
    0.2280  0.642683E+01 -0.203470E+00  0.126935E+02
    0.2290  0.642589E+01 -0.202972E+00  0.126935E+02
    0.2300  0.642492E+01 -0.202480E+00  0.126934E+02
    0.2310  0.642401E+01 -0.201999E+00  0.126933E+02
    0.2320  0.642316E+01 -0.201551E+00  0.126932E+02
    0.2330  0.642210E+01 -0.201071E+00  0.126931E+02
