0.000000000000000E+00
-0.500000000000000E+02
-0.333333333333333E+02
-0.300000000000000E+02
-0.285714285714286E+02
-0.277777777777778E+02
-0.272727272727273E+02
-0.269230769230769E+02
-0.266666666666667E+02
-0.264705882352941E+02
-0.263157894736842E+02
-0.261904761904762E+02
-0.260869565217391E+02
-0.260000000000000E+02
-0.259259259259259E+02
-0.258620689655172E+02
-0.258064516129032E+02
-0.257575757575758E+02
-0.257142857142857E+02
-0.256756756756757E+02
-0.256410256410256E+02
-0.256097560975610E+02
-0.255813953488372E+02
-0.255555555555556E+02
-0.255319148936170E+02
-0.255102040816326E+02
-0.254901960784314E+02
-0.254716981132075E+02
-0.254545454545454E+02
-0.254385964912281E+02
-0.254237288135593E+02
-0.254098360655738E+02
-0.253968253968254E+02
-0.253846153846154E+02
-0.253731343283582E+02
-0.253623188405797E+02
-0.253521126760563E+02
-0.253424657534247E+02
-0.253333333333333E+02
-0.253246753246753E+02
-0.253164556962025E+02
-0.253086419753086E+02
-0.253012048192771E+02
-0.252941176470588E+02
-0.252873563218391E+02
-0.252808988764045E+02
-0.252747252747253E+02
-0.252688172043011E+02
-0.252631578947368E+02
-0.252577319587629E+02
-0.252525252525252E+02
-0.252475247524752E+02
-0.252427184466019E+02
-0.252380952380952E+02
-0.252336448598131E+02
-0.252293577981651E+02
-0.252252252252252E+02
-0.252212389380531E+02
-0.252173913043478E+02
-0.252136752136752E+02
-0.252100840336134E+02
-0.252066115702479E+02
-0.252032520325203E+02
-0.252000000000000E+02
-0.251968503937008E+02
-0.251937984496124E+02
-0.251908396946565E+02
-0.251879699248120E+02
-0.251851851851852E+02
-0.251824817518248E+02
-0.251798561151079E+02
-0.251773049645390E+02
-0.251748251748252E+02
-0.251724137931034E+02
-0.251700680272109E+02
-0.251677852348993E+02
-0.251655629139073E+02
-0.251633986928105E+02
-0.251612903225806E+02
-0.251592356687898E+02
-0.251572327044025E+02
-0.251552795031056E+02
-0.251533742331288E+02
-0.251515151515151E+02
-0.251497005988024E+02
-0.251479289940828E+02
-0.251461988304094E+02
-0.251445086705202E+02
-0.251428571428571E+02
-0.251412429378531E+02
-0.251396648044693E+02
-0.251381215469613E+02
-0.251366120218579E+02
-0.251351351351351E+02
-0.251336898395722E+02
-0.251322751322751E+02
-0.251308900523560E+02
-0.251295336787565E+02
-0.251282051282051E+02
-0.251269035532995E+02
-0.251256281407035E+02
-0.251243781094527E+02
-0.251231527093596E+02
-0.251219512195122E+02
-0.251207729468599E+02
-0.251196172248804E+02
-0.251184834123223E+02
-0.251173708920188E+02
-0.251162790697674E+02
-0.251152073732719E+02
-0.251141552511415E+02
-0.251131221719457E+02
-0.251121076233184E+02
-0.251111111111111E+02
-0.251101321585903E+02
-0.251091703056769E+02
-0.251082251082251E+02
-0.251072961373391E+02
-0.251063829787234E+02
-0.251054852320675E+02
-0.251046025104602E+02
-0.251037344398340E+02
